     pcost       dcost       gap    pres   dres
 0:  0.0000e+00 -1.3553e+05  8e+03  1e+00  1e+00
 1:  2.8064e+00 -8.4893e+04  8e+03  1e+00  1e+00
 2:  6.2257e+00 -5.1618e+04  7e+03  1e+00  1e+00
 3:  6.7634e+00 -3.0295e+04  6e+03  9e-01  9e-01
 4:  1.2078e+00 -1.3261e+04  5e+03  9e-01  9e-01
 5: -7.0070e+00 -4.9789e+03  4e+03  8e-01  8e-01
 6:  2.3137e+00 -1.5116e+03  3e+03  7e-01  7e-01
 7:  2.4430e+01 -2.8685e+02  3e+03  5e-01  5e-01
 8:  3.2597e+01 -1.9747e+02  2e+03  4e-01  4e-01
 9:  5.6061e+01 -2.0032e+02  1e+03  2e-01  3e-01
10:  5.5693e+01 -6.8472e+01  7e+02  1e-01  1e-01
11:  1.3429e+01 -1.9753e+01  2e+02  4e-02  8e-02
12:  1.2787e+01 -3.1646e+01  2e+02  2e-02  5e-02
13:  1.2974e+01 -2.6131e+01  1e+02  1e-02  3e-02
14:  1.4775e+01 -1.6425e+01  7e+01  7e-03  1e-02
15:  1.4892e+01 -4.6478e+00  4e+01  3e-03  6e-03
16:  1.5238e+01  3.7363e-01  2e+01  2e-03  4e-03
17:  1.5342e+01  3.2876e+00  2e+01  1e-03  2e-03
18:  1.4642e+01  7.5211e+00  1e+01  5e-04  1e-03
19:  1.4252e+01  9.9327e+00  6e+00  2e-04  4e-04
20:  1.3969e+01  1.0994e+01  4e+00  1e-04  2e-04
21:  1.3817e+01  1.1529e+01  3e+00  6e-05  1e-04
22:  1.3624e+01  1.2099e+01  2e+00  3e-05  6e-05
23:  1.3397e+01  1.2652e+01  9e-01  1e-05  2e-05
24:  1.3271e+01  1.2941e+01  4e-01  5e-06  1e-05
25:  1.3188e+01  1.3127e+01  6e-02  1e-07  1e-06
26:  1.3171e+01  1.3161e+01  1e-02  3e-08  4e-07
27:  1.3168e+01  1.3167e+01  9e-04  5e-09  1e-07
28:  1.3168e+01  1.3168e+01  2e-05  4e-10  1e-08
29:  1.3168e+01  1.3168e+01  4e-07  1e-11  5e-10
Optimal solution found.



--------------------------------------------------
Data parameters and statistics:



Network file: ../../Networks/MPC/ProcessedNetwork/Barabasi_P_2000.mat


Number of commodities:   100
Random seed:             1234
Division factor:         100.0
Possible capacities: 
10 : 0.2
20 : 0.2
30 : 0.2
50 : 0.1
40 : 0.2
100 : 0.1


Lengths of paths in solution of multicommodity flow: 
4
8
12
5
17
10
41
13
13
1
44
20
41
25
9
24
14
12
19
7
15
1
38
37
19
15
10
10
28
11
14
4
9
17
11
9
22
10
19
12
18
11
6
12
8
13
1
16
10
15
35
10
28
7
2
9
10
9
15
9
6
35
21
31
18
5
6
14
6
1
6
21
31
9
14
12
7
16
1
18
17
20
31
14
34
12
10
19
23
19
7
3
12
9
6
11
7
10
20
1


