     pcost       dcost       gap    pres   dres
 0:  0.0000e+00 -5.5340e+03  4e+02  1e+00  1e+00
 1: -2.4997e-02 -3.6782e+03  4e+02  1e+00  1e+00
 2: -1.0945e-01 -2.2762e+03  3e+02  1e+00  1e+00
 3: -3.0384e-01 -1.2438e+03  3e+02  9e-01  9e-01
 4: -6.7107e-01 -4.1018e+02  2e+02  9e-01  9e-01
 5: -1.8079e-01 -7.9716e+01  2e+02  7e-01  7e-01
 6:  1.5308e+00  6.9782e+00  1e+02  5e-01  6e-01
 7:  1.3250e+00  1.7794e+00  1e+02  4e-01  5e-01
 8:  2.0079e+00 -4.5715e+00  6e+01  2e-01  2e-01
 9:  1.6433e+00 -2.4797e+00  3e+01  8e-02  1e-01
10: -4.8562e-01 -4.4786e-01  7e+00  2e-02  5e-02
11:  2.2192e-01 -4.5808e-01  3e+00  6e-03  2e-02
12:  6.5663e-01 -5.0799e-03  2e+00  3e-03  1e-02
13:  9.3461e-01  3.9098e-01  1e+00  2e-03  6e-03
14:  1.1444e+00  8.0544e-01  6e-01  7e-04  2e-03
15:  1.2123e+00  9.5747e-01  4e-01  3e-04  9e-04
16:  1.2142e+00  1.1022e+00  2e-01  8e-05  3e-04
17:  1.2090e+00  1.1597e+00  5e-02  2e-06  9e-06
18:  1.1983e+00  1.1873e+00  1e-02  6e-07  2e-06
19:  1.1964e+00  1.1918e+00  5e-03  2e-07  8e-07
20:  1.1954e+00  1.1944e+00  1e-03  6e-08  4e-07
21:  1.1951e+00  1.1950e+00  1e-04  1e-08  2e-07
22:  1.1951e+00  1.1951e+00  6e-06  2e-09  5e-08
23:  1.1951e+00  1.1951e+00  2e-07  1e-10  3e-09
Optimal solution found.



--------------------------------------------------
Data parameters and statistics:



Network file: ../../Networks/MPC/ProcessedNetwork/Barabasi_P_100.mat


Number of commodities:   20
Random seed:             1234
Division factor:         100.0
Possible capacities: 
10 : 0.2
20 : 0.2
30 : 0.2
50 : 0.1
40 : 0.2
100 : 0.1


Lengths of paths in solution of multicommodity flow: 
3
5
6
12
1
8
4
10
6
6
7
14
10
5
3
3
6
11
3
1


